param et[*,*]:
         1            2            3            4            5            6            7            8            9            10           11           12           13:=
  1      .       2.268014e-04 2.819913e-04 1.050578e-03 7.794278e-04 9.679173e-04 1.794564e-03 1.790390e-03 3.363540e-03 2.957751e-03 3.422359e-03 4.955288e-03 4.949862e-03
  2 2.268014e-04      .       3.066651e-04 3.041237e-04 2.875782e-04 7.389303e-04 8.413191e-04 1.079619e-03 1.915810e-03 1.787283e-03 2.481760e-03 3.281757e-03 3.518565e-03
  3 2.819913e-04 3.066651e-04      .       8.206111e-04 2.948908e-04 2.099241e-04 1.054661e-03 7.722235e-04 2.390977e-03 1.743240e-03 1.835092e-03 3.429340e-03 3.144212e-03
  4 1.050578e-03 3.041237e-04 8.206111e-04      .       2.143505e-04 9.023322e-04 2.312922e-04 6.835718e-04 7.372625e-04 8.660027e-04 1.745342e-03 1.769749e-03 2.220042e-03
  5 7.794278e-04 2.875782e-04 2.948908e-04 2.143505e-04      .       2.371218e-04 2.372739e-04 2.534592e-04 1.011231e-03 7.005159e-04 1.081818e-03 1.818859e-03 1.832157e-03
  6 9.679173e-04 7.389303e-04 2.099241e-04 9.023322e-04 2.371218e-04      .       7.007582e-04 2.580404e-04 1.751119e-03 9.784967e-04 8.349510e-04 2.316438e-03 1.869876e-03
  7 1.794564e-03 8.413191e-04 1.054661e-03 2.312922e-04 2.372739e-04 7.007582e-04      .       2.222588e-04 2.696851e-04 2.026122e-04 7.678345e-04 8.000863e-04 1.019074e-03
  8 1.790390e-03 1.079619e-03 7.722235e-04 6.835718e-04 2.534592e-04 2.580404e-04 2.222588e-04      .       7.462328e-04 2.330143e-04 2.880098e-04 1.028264e-03 8.017770e-04
  9 3.363540e-03 1.915810e-03 2.390977e-03 7.372625e-04 1.011231e-03 1.751119e-03 2.696851e-04 7.462328e-04      .       2.256777e-04 1.029139e-03 2.724827e-04 7.454629e-04
 10 2.957751e-03 1.787283e-03 1.743240e-03 8.660027e-04 7.005159e-04 9.784967e-04 2.026122e-04 2.330143e-04 2.256777e-04      .       2.964768e-04 2.869923e-04 3.129465e-04
 11 3.422359e-03 2.481760e-03 1.835092e-03 1.745342e-03 1.081818e-03 8.349510e-04 7.678345e-04 2.880098e-04 1.029139e-03 2.964768e-04      .       7.509004e-04 2.654140e-04
 12 4.955288e-03 3.281757e-03 3.429340e-03 1.769749e-03 1.818859e-03 2.316438e-03 8.000863e-04 1.028264e-03 2.724827e-04 2.869923e-04 7.509004e-04      .       2.232180e-04
 13 4.949862e-03 3.518565e-03 3.144212e-03 2.220042e-03 1.832157e-03 1.869876e-03 1.019074e-03 8.017770e-04 7.454629e-04 3.129465e-04 2.654140e-04 2.232180e-04      .;

param Q[*]:= 1 0 2 100 3 100 4 100 5 100 6 100 7 100 8 100 9 100 10 100 11 100 12 100 13 100;
param epr[*]:= 1 5e-05 2 5e-05 3 5e-05 4 5e-05 5 5e-05 6 5e-05 7 5e-05 8 5e-05 9 5e-05 10 5e-05 11 5e-05 12 5e-05 13 5e-05;
param ept[*]:= 1 5e-05 2 5e-05 3 5e-05 4 5e-05 5 5e-05 6 5e-05 7 5e-05 8 5e-05 9 5e-05 10 5e-05 11 5e-05 12 5e-05 13 5e-05;
