param et[*,*]:
         1            2            3            4            5            6            7            8            9            10           11           12           13           14           15           16           17           18           19           20           21           22           23           24           25:=
  1      .       1.434609e+01 1.468770e+01 9.879612e+01 6.046041e+01 1.046482e+02 3.168466e+02 2.291678e+02 2.364661e+02 3.020229e+02 8.125145e+02 5.602932e+02 5.385853e+02 5.540733e+02 8.266416e+02 1.207714e+03 1.062558e+03 1.008320e+03 1.280068e+03 1.770556e+03 1.804849e+03 1.816864e+03 2.714238e+03 2.888319e+03 4.093493e+03
  2 1.434609e+01      .       2.037701e+01 1.062198e+01 1.356846e+01 7.644941e+01 8.501479e+01 6.472147e+01 1.100232e+02 2.229873e+02 3.310122e+02 2.130976e+02 2.490446e+02 3.239880e+02 6.493981e+02 5.755260e+02 5.392888e+02 5.872949e+02 8.877349e+02 9.740906e+02 1.074533e+03 1.197688e+03 1.689169e+03 1.918522e+03 2.780969e+03
  3 1.468770e+01 2.037701e+01      .       7.626670e+01 1.217260e+01 1.181247e+01 2.327697e+02 1.034013e+02 6.603812e+01 7.779167e+01 6.098955e+02 3.354554e+02 2.429057e+02 2.110050e+02 3.342268e+02 8.326003e+02 6.093928e+02 4.942964e+02 6.165176e+02 1.158314e+03 1.076429e+03 9.994649e+02 1.777430e+03 1.805598e+03 2.756623e+03
  4 9.879612e+01 1.062198e+01 7.626670e+01      .       1.526255e+01 1.076475e+02 1.063988e+01 1.484273e+01 7.339059e+01 2.249553e+02 1.052679e+02 6.229043e+01 1.164272e+02 2.203081e+02 5.832679e+02 2.380935e+02 2.558673e+02 3.546594e+02 6.613530e+02 5.014382e+02 6.266828e+02 8.090617e+02 1.023731e+03 1.270116e+03 1.869912e+03
  5 6.046041e+01 1.356846e+01 1.217260e+01 1.526255e+01      .       1.185715e+01 6.389200e+01 1.379872e+01 1.419880e+01 5.506706e+01 2.401993e+02 1.005894e+02 7.469398e+01 9.144692e+01 2.522372e+02 3.595600e+02 2.532635e+02 2.323475e+02 3.796715e+02 5.703423e+02 5.619317e+02 5.847714e+02 1.013410e+03 1.100773e+03 1.759322e+03
  6 1.046482e+02 7.644941e+01 1.181247e+01 1.076475e+02 1.185715e+01      .       2.188738e+02 6.141978e+01 1.195095e+01 7.968973e+00 4.989400e+02 2.199825e+02 9.928253e+01 5.717250e+01 1.022514e+02 5.896635e+02 3.361907e+02 2.084436e+02 2.477405e+02 7.411513e+02 6.010226e+02 4.921636e+02 1.113978e+03 1.059334e+03 1.775547e+03
  7 3.168466e+02 8.501479e+01 2.327697e+02 1.063988e+01 6.389200e+01 2.188738e+02      .       1.229271e+01 9.746168e+01 3.123327e+02 1.607051e+01 1.166324e+01 7.121218e+01 2.037231e+02 6.252727e+02 7.034792e+01 1.134655e+02 2.424146e+02 5.601175e+02 2.258062e+02 3.575799e+02 5.783975e+02 5.873376e+02 8.355515e+02 1.222694e+03
  8 2.291678e+02 6.472147e+01 1.034013e+02 1.484273e+01 1.379872e+01 6.141978e+01 1.229271e+01      .       1.208079e+01 9.018225e+01 6.355384e+01 1.146931e+01 1.429689e+01 5.252462e+01 2.507488e+02 1.047518e+02 7.034944e+01 9.866786e+01 2.526787e+02 2.136823e+02 2.429376e+02 3.231836e+02 4.925585e+02 6.057513e+02 1.015830e+03
  9 2.364661e+02 1.100232e+02 6.603812e+01 7.339059e+01 1.419880e+01 1.195095e+01 9.746168e+01 1.208079e+01      .       1.067039e+01 2.186193e+02 6.305677e+01 1.289295e+01 9.052816e+00 7.254495e+01 2.386026e+02 1.016731e+02 5.804158e+01 1.120390e+02 3.093960e+02 2.427867e+02 2.180191e+02 5.391763e+02 5.385465e+02 9.955157e+02
 10 3.020229e+02 2.229873e+02 7.779167e+01 2.249553e+02 5.506706e+01 7.968973e+00 3.123327e+02 9.018225e+01 1.067039e+01      .       5.472080e+02 2.260750e+02 6.577367e+01 1.531162e+01 1.925160e+01 5.399917e+02 2.411522e+02 9.789202e+01 8.818157e+01 5.708335e+02 3.817856e+02 2.480301e+02 7.803798e+02 6.633345e+02 1.226098e+03
 11 8.125145e+02 3.310122e+02 6.098955e+02 1.052679e+02 2.401993e+02 4.989400e+02 1.607051e+01 6.355384e+01 2.186193e+02 5.472080e+02      .       9.557926e+00 9.272752e+01 2.823162e+02 8.096306e+02 8.169259e+00 5.856003e+01 2.205014e+02 5.707793e+02 7.815165e+01 2.047286e+02 4.594420e+02 2.983274e+02 5.369814e+02 7.362640e+02
 12 5.602932e+02 2.130976e+02 3.354554e+02 6.229043e+01 1.005894e+02 2.199825e+02 1.166324e+01 1.146931e+01 6.305677e+01 2.260750e+02 9.557926e+00      .       1.445575e+01 8.836270e+01 3.761554e+02 1.489350e+01 1.704836e+01 7.464591e+01 2.602273e+02 6.307078e+01 1.126796e+02 2.348434e+02 2.343434e+02 3.656642e+02 6.053000e+02
 13 5.385853e+02 2.490446e+02 2.429057e+02 1.164272e+02 7.469398e+01 9.928253e+01 7.121218e+01 1.429689e+01 1.289295e+01 6.577367e+01 9.272752e+01 1.445575e+01      .       8.472487e+00 1.101878e+02 7.028581e+01 1.253711e+01 1.064211e+01 6.887246e+01 8.647786e+01 6.607783e+01 8.726261e+01 2.027816e+02 2.317966e+02 4.857085e+02
 14 5.540733e+02 3.239880e+02 2.110050e+02 2.203081e+02 9.144692e+01 5.717250e+01 2.037231e+02 5.252462e+01 9.052816e+00 1.531162e+01 2.823162e+02 8.836270e+01 8.472487e+00      .       2.113920e+01 2.234285e+02 5.849049e+01 9.823137e+00 2.066916e+01 2.045872e+02 1.087894e+02 6.658041e+01 3.043390e+02 2.567933e+02 5.719526e+02
 15 8.266416e+02 6.493981e+02 3.342268e+02 5.832679e+02 2.522372e+02 1.022514e+02 6.252727e+02 2.507488e+02 7.254495e+01 1.925160e+01 8.096306e+02 3.761554e+02 1.101878e+02 2.113920e+01      .       6.574717e+02 2.529002e+02 6.484983e+01 1.689353e+01 5.350054e+02 2.710997e+02 1.064269e+02 5.725845e+02 3.850127e+02 8.005990e+02
 16 1.207714e+03 5.755260e+02 8.326003e+02 2.380935e+02 3.595600e+02 5.896635e+02 7.034792e+01 1.047518e+02 2.386026e+02 5.399917e+02 8.169259e+00 1.489350e+01 7.028581e+01 2.234285e+02 6.574717e+02      .       1.577497e+01 1.198779e+02 3.710526e+02 1.182783e+01 6.917443e+01 2.368009e+02 1.027690e+02 2.421644e+02 3.468750e+02
 17 1.062558e+03 5.392888e+02 6.093928e+02 2.558673e+02 2.532635e+02 3.361907e+02 1.134655e+02 7.034944e+01 1.016731e+02 2.411522e+02 5.856003e+01 1.704836e+01 1.253711e+01 5.849049e+01 2.529002e+02 1.577497e+01      .       1.441732e+01 1.024025e+02 9.289016e+00 1.151659e+01 5.633754e+01 5.357418e+01 9.594310e+01 2.129395e+02
 18 1.008320e+03 5.872949e+02 4.942964e+02 3.546594e+02 2.323475e+02 2.084436e+02 2.424146e+02 9.866786e+01 5.804158e+01 9.789202e+01 2.205014e+02 7.464591e+01 1.064211e+01 9.823137e+00 6.484983e+01 1.198779e+02 1.441732e+01      .       1.175215e+01 6.894369e+01 1.874701e+01 1.145612e+01 9.757697e+01 7.821753e+01 2.361784e+02
 19 1.280068e+03 8.877349e+02 6.165176e+02 6.613530e+02 3.796715e+02 2.477405e+02 5.601175e+02 2.526787e+02 1.120390e+02 8.818157e+01 5.707793e+02 2.602273e+02 6.887246e+01 2.066916e+01 1.689353e+01 3.710526e+02 1.024025e+02 1.175215e+01      .       2.254643e+02 7.194538e+01 1.039273e+01 2.013782e+02 1.045666e+02 3.034713e+02
 20 1.770556e+03 9.740906e+02 1.158314e+03 5.014382e+02 5.703423e+02 7.411513e+02 2.258062e+02 2.136823e+02 3.093960e+02 5.708335e+02 7.815165e+01 6.307078e+01 8.647786e+01 2.045872e+02 5.350054e+02 1.182783e+01 9.289016e+00 6.894369e+01 2.254643e+02      .       1.060189e+01 9.409578e+01 1.394890e+01 6.588711e+01 1.074741e+02
 21 1.804849e+03 1.074533e+03 1.076429e+03 6.266828e+02 5.619317e+02 6.010226e+02 3.575799e+02 2.429376e+02 2.427867e+02 3.817856e+02 2.047286e+02 1.126796e+02 6.607783e+01 1.087894e+02 2.710997e+02 6.917443e+01 1.151659e+01 1.874701e+01 7.194538e+01 1.060189e+01      .       1.343420e+01 7.445869e+00 1.250771e+01 5.604808e+01
 22 1.816864e+03 1.197688e+03 9.994649e+02 8.090617e+02 5.847714e+02 4.921636e+02 5.783975e+02 3.231836e+02 2.180191e+02 2.480301e+02 4.594420e+02 2.348434e+02 8.726261e+01 6.658041e+01 1.064269e+02 2.368009e+02 5.633754e+01 1.145612e+01 1.039273e+01 9.409578e+01 1.343420e+01      .       5.417567e+01 1.638269e+01 9.449443e+01
 23 2.714238e+03 1.689169e+03 1.777430e+03 1.023731e+03 1.013410e+03 1.113978e+03 5.873376e+02 4.925585e+02 5.391763e+02 7.803798e+02 2.983274e+02 2.343434e+02 2.027816e+02 3.043390e+02 5.725845e+02 1.027690e+02 5.357418e+01 9.757697e+01 2.013782e+02 1.394890e+01 7.445869e+00 5.417567e+01      .       8.434296e+00 1.299897e+01
 24 2.888319e+03 1.918522e+03 1.805598e+03 1.270116e+03 1.100773e+03 1.059334e+03 8.355515e+02 6.057513e+02 5.385465e+02 6.633345e+02 5.369814e+02 3.656642e+02 2.317966e+02 2.567933e+02 3.850127e+02 2.421644e+02 9.594310e+01 7.821753e+01 1.045666e+02 6.588711e+01 1.250771e+01 1.638269e+01 8.434296e+00      .       8.190447e+00
 25 4.093493e+03 2.780969e+03 2.756623e+03 1.869912e+03 1.759322e+03 1.775547e+03 1.222694e+03 1.015830e+03 9.955157e+02 1.226098e+03 7.362640e+02 6.053000e+02 4.857085e+02 5.719526e+02 8.005990e+02 3.468750e+02 2.129395e+02 2.361784e+02 3.034713e+02 1.074741e+02 5.604808e+01 9.449443e+01 1.299897e+01 8.190447e+00      .;
