param et[*,*]:
         1            2            3            4            5            6            7            8            9            10           11           12           13           14           15           16           17           18           19           20           21           22           23           24           25:=
  1      .       7.510084e+02 7.749465e+02 9.839806e+03 5.112439e+03 1.062451e+04 4.653704e+04 3.021375e+04 3.150347e+04 4.365693e+04 1.633459e+05 9.951468e+04 9.440738e+04 9.804444e+04 1.671436e+05 2.770888e+05 2.335987e+05 2.178367e+05 2.994407e+05 4.614729e+05 4.734285e+05 4.776354e+05 8.157002e+05 8.861900e+05 1.410778e+06
  2 7.510084e+02      .       1.199096e+03 5.030453e+02 6.972270e+02 6.990349e+03 8.053648e+03 5.598407e+03 1.135828e+04 2.913221e+04 4.933161e+04 2.742236e+04 3.375745e+04 4.794079e+04 1.211569e+05 1.031383e+05 9.457185e+04 1.059599e+05 1.838136e+05 2.080331e+05 2.371154e+05 2.740257e+05 4.334084e+05 5.135967e+05 8.425485e+05
  3 7.749465e+02 1.199096e+03      .       6.968082e+03 6.032694e+02 5.795904e+02 3.084858e+04 1.045606e+04 5.750774e+03 7.154470e+03 1.114313e+05 5.021649e+04 3.265254e+04 2.706389e+04 4.997142e+04 1.687519e+05 1.113089e+05 8.420087e+04 1.130474e+05 2.620806e+05 2.376734e+05 2.152898e+05 4.638633e+05 4.736907e+05 8.327279e+05
  4 9.839806e+03 5.030453e+02 6.968082e+03      .       8.156484e+02 1.103245e+04 5.041764e+02 7.858717e+02 6.619937e+03 2.947552e+04 1.070848e+04 5.319797e+03 1.224821e+04 2.866645e+04 1.049923e+05 3.179289e+04 3.499611e+04 5.408563e+04 1.241398e+05 8.582686e+04 1.155395e+05 1.624210e+05 2.222872e+05 2.963407e+05 4.963198e+05
  5 5.112439e+03 6.972270e+02 6.032694e+02 8.156484e+02      .       5.825148e+02 5.502947e+03 7.130471e+02 7.407449e+02 4.513594e+03 3.216837e+04 1.007867e+04 6.777155e+03 8.876167e+03 3.433567e+04 5.508439e+04 3.452207e+04 3.077400e+04 5.923031e+04 1.019015e+05 9.990288e+04 1.053533e+05 2.193041e+05 2.448671e+05 4.575731e+05
  6 1.062451e+04 6.990349e+03 5.795904e+02 1.103245e+04 5.825148e+02      .       2.841787e+04 5.220888e+03 5.886671e+02 3.429281e+02 8.525721e+04 2.860997e+04 9.904452e+03 4.745146e+03 1.030131e+04 1.065301e+05 5.036330e+04 2.662674e+04 3.352196e+04 1.445027e+05 1.092751e+05 8.371681e+04 2.487914e+05 2.326541e+05 4.632081e+05
  7 4.653704e+04 8.053648e+03 3.084858e+04 5.041764e+02 5.502947e+03 2.841787e+04      .       6.112191e+02 9.662997e+03 4.565517e+04 8.737212e+02 5.698478e+02 6.359247e+03 2.582579e+04 1.151930e+05 6.256551e+03 1.183454e+04 3.256455e+04 9.947307e+04 2.962428e+04 5.468030e+04 1.038250e+05 1.059702e+05 1.695499e+05 2.816806e+05
  8 3.021375e+04 5.598407e+03 1.045606e+04 7.858717e+02 7.130471e+02 5.220888e+03 6.112191e+02      .       5.972098e+02 8.712874e+03 5.464147e+03 5.572493e+02 7.475758e+02 4.237899e+03 3.406580e+04 1.063854e+04 6.256731e+03 9.822777e+03 3.441583e+04 2.752273e+04 3.265825e+04 4.778215e+04 8.380637e+04 1.104229e+05 2.200028e+05
  9 3.150347e+04 1.135828e+04 5.750774e+03 6.619937e+03 7.407449e+02 5.886671e+02 9.662997e+03 5.972098e+02      .       5.061049e+02 2.837383e+04 5.407239e+03 6.513333e+02 4.064854e+02 6.518428e+03 3.188357e+04 1.022370e+04 4.841564e+03 1.163658e+04 4.508371e+04 3.263121e+04 2.827002e+04 9.454553e+04 9.439833e+04 2.141563e+05
 10 4.365693e+04 2.913221e+04 7.154470e+03 2.947552e+04 4.513594e+03 3.429281e+02 4.565517e+04 8.712874e+03 5.061049e+02      .       9.642803e+04 2.967131e+04 5.720088e+03 8.191461e+02 1.111618e+03 9.473622e+04 3.233863e+04 9.719928e+03 8.456106e+03 1.020186e+05 5.967046e+04 3.357421e+04 1.547894e+05 1.246360e+05 2.827269e+05
 11 1.633459e+05 4.933161e+04 1.114313e+05 1.070848e+04 3.216837e+04 8.525721e+04 8.737212e+02 5.464147e+03 2.837383e+04 9.642803e+04      .       4.370035e+02 9.042285e+03 3.990076e+04 1.625733e+05 3.544679e+02 4.899311e+03 2.869999e+04 1.020057e+05 7.198647e+03 2.599589e+04 7.637905e+04 4.294614e+04 9.403271e+04 1.432335e+05
 12 9.951468e+04 2.742236e+04 5.021649e+04 5.319797e+03 1.007867e+04 2.860997e+04 5.698478e+02 5.572493e+02 5.407239e+03 2.967131e+04 4.370035e+02      .       7.586719e+02 8.479274e+03 5.850007e+04 7.894581e+02 9.453153e+02 6.771341e+03 3.579347e+04 5.408842e+03 1.172538e+04 3.121556e+04 3.112697e+04 5.633479e+04 1.103132e+05
 13 9.440738e+04 3.375745e+04 3.265254e+04 1.224821e+04 6.777155e+03 9.904452e+03 6.359247e+03 7.475758e+02 6.513333e+02 5.720088e+03 9.042285e+03 7.586719e+02      .       3.721185e+02 1.138093e+04 6.249187e+03 6.274753e+02 5.043173e+02 6.082201e+03 8.238977e+03 5.755385e+03 8.338814e+03 2.566678e+04 3.067675e+04 8.225600e+04
 14 9.804444e+04 4.794079e+04 2.706389e+04 2.866645e+04 8.876167e+03 4.745146e+03 2.582579e+04 4.237899e+03 4.064854e+02 8.191461e+02 3.990076e+04 8.479274e+03 3.721185e+02      .       1.259268e+03 2.920910e+04 4.891556e+03 4.532456e+02 1.222073e+03 2.597196e+04 1.118876e+04 5.813824e+03 4.410389e+04 3.516508e+04 1.022853e+05
 15 1.671436e+05 1.211569e+05 4.997142e+04 1.049923e+05 3.433567e+04 1.030131e+04 1.151930e+05 3.406580e+04 6.518428e+03 1.111618e+03 1.625733e+05 5.850007e+04 1.138093e+04 1.259268e+03      .       1.231694e+05 3.445606e+04 5.613216e+03 9.338861e+02 9.357163e+04 3.780118e+04 1.086598e+04 1.024360e+05 6.034390e+04 1.601597e+05
 16 2.770888e+05 1.031383e+05 1.687519e+05 3.179289e+04 5.508439e+04 1.065301e+05 6.256551e+03 1.063854e+04 3.188357e+04 9.473622e+04 3.544679e+02 7.894581e+02 6.249187e+03 2.920910e+04 1.231694e+05      .       8.523632e+02 1.273460e+04 5.744434e+04 5.805954e+02 6.117783e+03 3.156297e+04 1.037090e+04 3.251974e+04 5.250862e+04
 17 2.335987e+05 9.457185e+04 1.113089e+05 3.499611e+04 3.452207e+04 5.036330e+04 1.183454e+04 6.256731e+03 1.022370e+04 3.233863e+04 4.899311e+03 9.453153e+02 6.274753e+02 4.891556e+03 3.445606e+04 8.523632e+02      .       7.559840e+02 1.032161e+04 4.206875e+02 5.603143e+02 4.652973e+03 4.351183e+03 9.462771e+03 2.739523e+04
 18 2.178367e+05 1.059599e+05 8.420087e+04 5.408563e+04 3.077400e+04 2.662674e+04 3.256455e+04 9.822777e+03 4.841564e+03 9.719928e+03 2.869999e+04 6.771341e+03 5.043173e+02 4.532456e+02 5.613216e+03 1.273460e+04 7.559840e+02      .       5.756473e+02 6.090589e+03 1.072942e+03 5.563949e+02 9.678242e+03 7.206739e+03 3.145239e+04
 19 2.994407e+05 1.838136e+05 1.130474e+05 1.241398e+05 5.923031e+04 3.352196e+04 9.947307e+04 3.441583e+04 1.163658e+04 8.456106e+03 1.020057e+05 3.579347e+04 6.082201e+03 1.222073e+03 9.338861e+02 5.744434e+04 1.032161e+04 5.756473e+02      .       2.956449e+04 6.446696e+03 4.886217e+02 2.543021e+04 1.061347e+04 4.393629e+04
 20 4.614729e+05 2.080331e+05 2.620806e+05 8.582686e+04 1.019015e+05 1.445027e+05 2.962428e+04 2.752273e+04 4.508371e+04 1.020186e+05 7.198647e+03 5.408842e+03 8.238977e+03 2.597196e+04 9.357163e+04 5.805954e+02 4.206875e+02 6.090589e+03 2.956449e+04      .       5.017774e+02 9.220622e+03 7.234135e+02 5.733247e+03 1.100876e+04
 21 4.734285e+05 2.371154e+05 2.376734e+05 1.155395e+05 9.990288e+04 1.092751e+05 5.468030e+04 3.265825e+04 3.263121e+04 5.967046e+04 2.599589e+04 1.172538e+04 5.755385e+03 1.118876e+04 3.780118e+04 6.117783e+03 5.603143e+02 1.072942e+03 6.446696e+03 5.017774e+02      .       6.880433e+02 3.132472e+02 6.255142e+02 4.621125e+03
 22 4.776354e+05 2.740257e+05 2.152898e+05 1.624210e+05 1.053533e+05 8.371681e+04 1.038250e+05 4.778215e+04 2.827002e+04 3.357421e+04 7.637905e+04 3.121556e+04 8.338814e+03 5.813824e+03 1.086598e+04 3.156297e+04 4.652973e+03 5.563949e+02 4.886217e+02 9.220622e+03 6.880433e+02      .       4.416441e+03 8.964243e+02 9.272744e+03
 23 8.157002e+05 4.334084e+05 4.638633e+05 2.222872e+05 2.193041e+05 2.487914e+05 1.059702e+05 8.380637e+04 9.454553e+04 1.547894e+05 4.294614e+04 3.112697e+04 2.566678e+04 4.410389e+04 1.024360e+05 1.037090e+04 4.351183e+03 9.678242e+03 2.543021e+04 7.234135e+02 3.132472e+02 4.416441e+03      .       3.698836e+02 6.584841e+02
 24 8.861900e+05 5.135967e+05 4.736907e+05 2.963407e+05 2.448671e+05 2.326541e+05 1.695499e+05 1.104229e+05 9.439833e+04 1.246360e+05 9.403271e+04 5.633479e+04 3.067675e+04 3.516508e+04 6.034390e+04 3.251974e+04 9.462771e+03 7.206739e+03 1.061347e+04 5.733247e+03 6.255142e+02 8.964243e+02 3.698836e+02      .       3.556942e+02
 25 1.410778e+06 8.425485e+05 8.327279e+05 4.963198e+05 4.575731e+05 4.632081e+05 2.816806e+05 2.200028e+05 2.141563e+05 2.827269e+05 1.432335e+05 1.103132e+05 8.225600e+04 1.022853e+05 1.601597e+05 5.250862e+04 2.739523e+04 3.145239e+04 4.393629e+04 1.100876e+04 4.621125e+03 9.272744e+03 6.584841e+02 3.556942e+02      .;
