param et[*,*]:
         1            2            3            4            5            6            7            8            9            10           11           12           13           14           15           16           17           18           19           20           21           22           23           24           25:=
  1      .       1.982796e+00 2.022064e+00 9.899576e+00 6.574952e+00 1.038588e+01 2.614413e+01 1.995850e+01 2.048680e+01 2.512079e+01 5.730501e+01 4.204162e+01 4.067979e+01 4.165234e+01 5.813411e+01 7.973277e+01 7.166283e+01 6.860122e+01 8.369399e+01 1.096709e+02 1.114382e+02 1.120561e+02 1.565693e+02 1.648938e+02 2.205016e+02
  2 1.982796e+00      .       2.656340e+00 1.543492e+00 1.892818e+00 7.994877e+00 8.734648e+00 6.958895e+00 1.082855e+01 1.950893e+01 2.711461e+01 1.878519e+01 2.139099e+01 2.663427e+01 4.754365e+01 4.299198e+01 4.072407e+01 4.372336e+01 6.169303e+01 6.665501e+01 7.233522e+01 7.918075e+01 1.054535e+02 1.172570e+02 1.597706e+02
  3 2.022064e+00 2.656340e+00      .       7.978951e+00 1.729098e+00 1.686362e+00 2.021957e+01 1.028265e+01 7.076670e+00 8.111682e+00 4.512108e+01 2.741757e+01 2.095068e+01 1.863133e+01 2.733387e+01 5.848311e+01 4.509009e+01 3.787240e+01 4.552898e+01 7.700551e+01 7.244157e+01 6.809883e+01 1.100256e+02 1.114768e+02 1.586041e+02
  4 9.899576e+00 1.543492e+00 7.978951e+00      .       2.087802e+00 1.063335e+01 1.545660e+00 2.039834e+00 7.727405e+00 1.965230e+01 1.043710e+01 6.740381e+00 1.135129e+01 1.931340e+01 4.347338e+01 2.060422e+01 2.187824e+01 2.871945e+01 4.827190e+01 3.832785e+01 4.615370e+01 5.710201e+01 6.947388e+01 8.315140e+01 1.147760e+02
  5 6.574952e+00 1.892818e+00 1.729098e+00 2.087802e+00      .       1.691675e+00 6.884495e+00 1.919548e+00 1.965816e+00 6.082422e+00 2.075598e+01 1.004910e+01 7.841599e+00 9.281986e+00 2.161927e+01 2.904978e+01 2.169255e+01 2.018901e+01 3.039765e+01 4.266905e+01 4.214405e+01 4.356674e+01 6.888970e+01 7.380428e+01 1.090907e+02
  6 1.038588e+01 7.994877e+00 1.686362e+00 1.063335e+01 1.691675e+00      .       1.920856e+01 6.661779e+00 1.702819e+00 1.214792e+00 3.816866e+01 1.928961e+01 9.940175e+00 6.275611e+00 1.018727e+01 4.387026e+01 2.746764e+01 1.844267e+01 2.129761e+01 5.307896e+01 4.457339e+01 3.773618e+01 7.454132e+01 7.148159e+01 1.099284e+02
  7 2.614413e+01 8.734648e+00 2.021957e+01 1.545660e+00 6.884495e+00 1.920856e+01      .       1.743304e+00 9.788021e+00 2.583338e+01 2.179506e+00 1.668589e+00 7.535786e+00 1.809395e+01 4.606714e+01 7.459494e+00 1.111014e+01 2.091537e+01 4.203064e+01 1.971423e+01 2.891640e+01 4.317066e+01 4.372601e+01 5.865581e+01 8.055603e+01
  8 1.995850e+01 6.958895e+00 1.028265e+01 2.039834e+00 1.919548e+00 6.661779e+00 1.743304e+00      .       1.718222e+00 9.174891e+00 6.854116e+00 1.645436e+00 1.977127e+00 5.847485e+00 2.151291e+01 1.039444e+01 7.459628e+00 9.888865e+00 2.165080e+01 1.882813e+01 2.095297e+01 2.657915e+01 3.776141e+01 4.486544e+01 6.902679e+01
  9 2.048680e+01 1.082855e+01 7.076670e+00 7.727405e+00 1.965816e+00 1.702819e+00 9.788021e+00 1.718222e+00      .       1.549353e+00 1.918995e+01 6.809414e+00 1.813957e+00 1.350993e+00 7.653134e+00 2.064093e+01 1.013923e+01 6.355007e+00 1.099362e+01 2.563081e+01 2.094213e+01 1.914603e+01 4.071699e+01 4.067735e+01 6.787452e+01
 10 2.512079e+01 1.950893e+01 8.111682e+00 1.965230e+01 6.082422e+00 1.214792e+00 2.583338e+01 9.174891e+00 1.549353e+00      .       4.122181e+01 1.973379e+01 7.053046e+00 2.093394e+00 2.533508e+00 4.076829e+01 2.082457e+01 9.824024e+00 9.004954e+00 4.269967e+01 3.053864e+01 2.131835e+01 5.541002e+01 4.839240e+01 8.074292e+01
 11 5.730501e+01 2.711461e+01 4.512108e+01 1.043710e+01 2.075598e+01 3.816866e+01 2.179506e+00 6.854116e+00 1.918995e+01 4.122181e+01      .       1.413524e+00 9.390179e+00 2.374724e+01 5.713547e+01 1.240182e+00 6.402276e+00 1.932752e+01 4.269629e+01 8.142951e+00 1.816835e+01 3.563353e+01 2.486438e+01 4.057881e+01 5.278712e+01
 12 4.204162e+01 1.878519e+01 2.741757e+01 6.740381e+00 1.004910e+01 1.928961e+01 1.668589e+00 1.645436e+00 6.809414e+00 1.973379e+01 1.413524e+00      .       1.995417e+00 9.020366e+00 3.016288e+01 2.045647e+00 2.289473e+00 7.837394e+00 2.218847e+01 6.810675e+00 1.104598e+01 2.036957e+01 2.033342e+01 2.946018e+01 4.483759e+01
 13 4.067979e+01 2.139099e+01 2.095068e+01 1.135129e+01 7.841599e+00 9.940175e+00 7.535786e+00 1.977127e+00 1.813957e+00 7.053046e+00 9.390179e+00 1.995417e+00      .       1.278427e+00 1.084204e+01 7.454005e+00 1.772139e+00 1.545930e+00 7.328886e+00 8.859736e+00 7.080216e+00 8.926684e+00 1.802425e+01 2.014911e+01 3.732328e+01
 14 4.165234e+01 2.663427e+01 1.863133e+01 1.931340e+01 9.281986e+00 6.275611e+00 1.809395e+01 5.847485e+00 1.350993e+00 2.093394e+00 2.374724e+01 9.020366e+00 1.278427e+00      .       2.738885e+00 1.954109e+01 6.395940e+00 1.446134e+00 2.688040e+00 1.815789e+01 1.072726e+01 7.125063e+00 2.528122e+01 2.194420e+01 4.276942e+01
 15 5.813411e+01 4.754365e+01 2.733387e+01 4.347338e+01 2.161927e+01 1.018727e+01 4.606714e+01 2.151291e+01 7.653134e+00 2.533508e+00 5.713547e+01 3.016288e+01 1.084204e+01 2.738885e+00      .       4.803571e+01 2.166661e+01 6.970394e+00 2.272133e+00 4.045434e+01 2.295836e+01 1.053278e+01 4.280879e+01 3.075359e+01 5.660384e+01
 16 7.973277e+01 4.299198e+01 5.848311e+01 2.060422e+01 2.904978e+01 4.387026e+01 7.459494e+00 1.039444e+01 2.064093e+01 4.076829e+01 1.240182e+00 2.045647e+00 7.454005e+00 1.954109e+01 4.803571e+01      .       2.146053e+00 1.163097e+01 2.982150e+01 1.688189e+00 7.355654e+00 2.051097e+01 1.023023e+01 2.089738e+01 2.819319e+01
 17 7.166283e+01 4.072407e+01 4.509009e+01 2.187824e+01 2.169255e+01 2.746764e+01 1.111014e+01 7.459628e+00 1.013923e+01 2.082457e+01 6.402276e+00 2.289473e+00 1.772139e+00 6.395940e+00 2.166661e+01 2.146053e+00      .       1.990996e+00 1.019981e+01 1.380304e+00 1.651087e+00 6.199142e+00 5.944695e+00 9.660764e+00 1.877357e+01
 18 6.860122e+01 4.372336e+01 3.787240e+01 2.871945e+01 2.018901e+01 1.844267e+01 2.091537e+01 9.888865e+00 6.355007e+00 9.824024e+00 1.932752e+01 7.837394e+00 1.545930e+00 1.446134e+00 6.970394e+00 1.163097e+01 1.990996e+00      .       1.679182e+00 7.335202e+00 2.478050e+00 1.643859e+00 9.797670e+00 8.148670e+00 2.046603e+01
 19 8.369399e+01 6.169303e+01 4.552898e+01 4.827190e+01 3.039765e+01 2.129761e+01 4.203064e+01 2.165080e+01 1.099362e+01 9.004954e+00 4.269629e+01 2.218847e+01 7.328886e+00 2.688040e+00 2.272133e+00 2.982150e+01 1.019981e+01 1.679182e+00      .       1.968936e+01 7.600388e+00 1.515682e+00 1.792023e+01 1.037913e+01 2.522114e+01
 20 1.096709e+02 6.665501e+01 7.700551e+01 3.832785e+01 4.266905e+01 5.307896e+01 1.971423e+01 1.882813e+01 2.563081e+01 4.269967e+01 8.142951e+00 6.810675e+00 8.859736e+00 1.815789e+01 4.045434e+01 1.688189e+00 1.380304e+00 7.335202e+00 1.968936e+01      .       1.541060e+00 9.505503e+00 1.936942e+00 7.063182e+00 1.061907e+01
 21 1.114382e+02 7.233522e+01 7.244157e+01 4.615370e+01 4.214405e+01 4.457339e+01 2.891640e+01 2.095297e+01 2.094213e+01 3.053864e+01 1.816835e+01 1.104598e+01 7.080216e+00 1.072726e+01 2.295836e+01 7.355654e+00 1.651087e+00 2.478050e+00 7.600388e+00 1.541060e+00      .       1.877197e+00 1.147967e+00 1.768676e+00 6.172588e+00
 22 1.120561e+02 7.918075e+01 6.809883e+01 5.710201e+01 4.356674e+01 3.773618e+01 4.317066e+01 2.657915e+01 1.914603e+01 2.131835e+01 3.563353e+01 2.036957e+01 8.926684e+00 7.125063e+00 1.053278e+01 2.051097e+01 6.199142e+00 1.643859e+00 1.515682e+00 9.505503e+00 1.877197e+00      .       6.000263e+00 2.214731e+00 9.539051e+00
 23 1.565693e+02 1.054535e+02 1.100256e+02 6.947388e+01 6.888970e+01 7.454132e+01 4.372601e+01 3.776141e+01 4.071699e+01 5.541002e+01 2.486438e+01 2.033342e+01 1.802425e+01 2.528122e+01 4.280879e+01 1.023023e+01 5.944695e+00 9.797670e+00 1.792023e+01 1.936942e+00 1.147967e+00 6.000263e+00      .       1.273622e+00 1.826379e+00
 24 1.648938e+02 1.172570e+02 1.114768e+02 8.315140e+01 7.380428e+01 7.148159e+01 5.865581e+01 4.486544e+01 4.067735e+01 4.839240e+01 4.057881e+01 2.946018e+01 2.014911e+01 2.194420e+01 3.075359e+01 2.089738e+01 9.660764e+00 8.148670e+00 1.037913e+01 7.063182e+00 1.768676e+00 2.214731e+00 1.273622e+00      .       1.242862e+00
 25 2.205016e+02 1.597706e+02 1.586041e+02 1.147760e+02 1.090907e+02 1.099284e+02 8.055603e+01 6.902679e+01 6.787452e+01 8.074292e+01 5.278712e+01 4.483759e+01 3.732328e+01 4.276942e+01 5.660384e+01 2.819319e+01 1.877357e+01 2.046603e+01 2.522114e+01 1.061907e+01 6.172588e+00 9.539051e+00 1.826379e+00 1.242862e+00      .;
