param et[*,*]:
         1            2            3            4            5            6            7            8            9            10           11           12           13:=
  1      .       1.080112e-02 1.497454e-02 1.076818e-01 6.881195e-02 9.522641e-02 2.404022e-01 2.395639e-01 6.168717e-01 5.086775e-01 6.331233e-01 1.103071e+00 1.101259e+00
  2 1.080112e-02      .       1.698230e-02 1.677163e-02 1.542176e-02 6.351923e-02 7.716870e-02 1.121776e-01 2.651727e-01 2.389405e-01 3.909667e-01 5.945105e-01 6.600067e-01
  3 1.497454e-02 1.698230e-02      .       7.433718e-02 1.601370e-02 9.618192e-03 1.083102e-01 6.786010e-02 3.697116e-01 2.301632e-01 2.485918e-01 6.350616e-01 5.575293e-01
  4 1.076818e-01 1.677163e-02 7.433718e-02      .       9.924002e-03 8.571359e-02 1.112350e-02 5.651663e-02 6.330430e-02 8.058957e-02 2.305795e-01 2.354332e-01 3.307819e-01
  5 6.881195e-02 1.542176e-02 1.601370e-02 9.924002e-03      .       1.154668e-02 1.155779e-02 1.276034e-02 1.016894e-01 5.863096e-02 1.125205e-01 2.453005e-01 2.479957e-01
  6 9.522641e-02 6.351923e-02 9.618192e-03 8.571359e-02 1.154668e-02      .       5.866138e-02 1.310785e-02 2.317253e-01 9.679191e-02 7.629419e-02 3.525585e-01 2.556931e-01
  7 2.404022e-01 7.716870e-02 1.083102e-01 1.112350e-02 1.155779e-02 5.866138e-02      .       1.047824e-02 1.400508e-02 9.120071e-03 6.728239e-02 7.156575e-02 1.028747e-01
  8 2.395639e-01 1.121776e-01 6.786010e-02 5.651663e-02 1.276034e-02 1.310785e-02 1.047824e-02      .       6.446315e-02 1.124796e-02 1.545649e-02 1.042694e-01 7.179272e-02
  9 6.168717e-01 2.651727e-01 3.697116e-01 6.330430e-02 1.016894e-01 2.317253e-01 1.400508e-02 6.446315e-02      .       1.072094e-02 1.044026e-01 1.422357e-02 6.436341e-02
 10 5.086775e-01 2.389405e-01 2.301632e-01 8.058957e-02 5.863096e-02 9.679191e-02 9.120071e-03 1.124796e-02 1.072094e-02      .       1.614307e-02 1.537466e-02 1.750673e-02
 11 6.331233e-01 3.909667e-01 2.485918e-01 2.305795e-01 1.125205e-01 7.629419e-02 6.728239e-02 1.545649e-02 1.044026e-01 1.614307e-02      .       6.506891e-02 1.367369e-02
 12 1.103071e+00 5.945105e-01 6.350616e-01 2.354332e-01 2.453005e-01 3.525585e-01 7.156575e-02 1.042694e-01 1.422357e-02 1.537466e-02 6.506891e-02      .       1.054615e-02
 13 1.101259e+00 6.600067e-01 5.575293e-01 3.307819e-01 2.479957e-01 2.556931e-01 1.028747e-01 7.179272e-02 6.436341e-02 1.750673e-02 1.367369e-02 1.054615e-02      .;

param Q[*]:= 1 0 2 100 3 100 4 100 5 100 6 100 7 100 8 100 9 100 10 100 11 100 12 100 13 100;
param epr[*]:= 1 5e-05 2 5e-05 3 5e-05 4 5e-05 5 5e-05 6 5e-05 7 5e-05 8 5e-05 9 5e-05 10 5e-05 11 5e-05 12 5e-05 13 5e-05;
param ept[*]:= 1 5e-05 2 5e-05 3 5e-05 4 5e-05 5 5e-05 6 5e-05 7 5e-05 8 5e-05 9 5e-05 10 5e-05 11 5e-05 12 5e-05 13 5e-05;
