param et[*,*]:
         1            2            3            4            5            6            7            8            9            10           11           12           13:=
  1      .       5.143888e-04 7.951908e-04 1.103714e-02 6.075077e-03 9.368640e-03 3.220461e-02 3.205496e-02 1.131340e-01 8.748294e-02 1.171254e-01 2.455488e-01 2.450113e-01
  2 5.143888e-04      .       9.404347e-04 9.249121e-04 8.270122e-04 5.460180e-03 7.078179e-03 1.165578e-02 3.670330e-02 3.194379e-02 6.159134e-02 1.076993e-01 1.238030e-01
  3 7.951908e-04 9.404347e-04      .       6.734026e-03 8.696057e-04 4.406813e-04 1.112310e-02 5.963291e-03 5.716770e-02 3.038886e-02 3.367563e-02 1.176037e-01 9.886069e-02
  4 1.103714e-02 9.249121e-04 6.734026e-03      .       4.594615e-04 8.142035e-03 5.349609e-04 4.672705e-03 5.435560e-03 7.499606e-03 3.046218e-02 3.132013e-02 4.928586e-02
  5 6.075077e-03 8.270122e-04 8.696057e-04 4.594615e-04      .       5.622675e-04 5.629890e-04 6.424159e-04 1.022589e-02 4.907226e-03 1.170331e-02 3.308247e-02 3.356801e-02
  6 9.368640e-03 5.460180e-03 4.406813e-04 8.142035e-03 5.622675e-04      .       4.910620e-03 6.658486e-04 3.066418e-02 9.574558e-03 6.971431e-03 5.365887e-02 3.496435e-02
  7 3.220461e-02 7.078179e-03 1.112310e-02 5.349609e-04 5.629890e-04 4.910620e-03      .       4.939897e-04 7.273007e-04 4.105168e-04 5.895698e-03 6.401380e-03 1.038512e-02
  8 3.205496e-02 1.165578e-02 5.963291e-03 4.672705e-03 6.424159e-04 6.658486e-04 4.939897e-04      .       5.568634e-03 5.429564e-04 8.294963e-04 1.057327e-02 6.428464e-03
  9 1.131340e-01 3.670330e-02 5.716770e-02 5.435560e-03 1.022589e-02 3.066418e-02 7.273007e-04 5.568634e-03      .       5.093042e-04 1.059128e-02 7.424684e-04 5.557149e-03
 10 8.748294e-02 3.194379e-02 3.038886e-02 7.499606e-03 4.907226e-03 9.574558e-03 4.105168e-04 5.429564e-04 5.093042e-04      .       8.789848e-04 8.236459e-04 9.793550e-04
 11 1.171254e-01 6.159134e-02 3.367563e-02 3.046218e-02 1.170331e-02 6.971431e-03 5.895698e-03 8.294963e-04 1.059128e-02 8.789848e-04      .       5.638515e-03 7.044457e-04
 12 2.455488e-01 1.076993e-01 1.176037e-01 3.132013e-02 3.308247e-02 5.365887e-02 6.401380e-03 1.057327e-02 7.424684e-04 8.236459e-04 5.638515e-03      .       4.982629e-04
 13 2.450113e-01 1.238030e-01 9.886069e-02 4.928586e-02 3.356801e-02 3.496435e-02 1.038512e-02 6.428464e-03 5.557149e-03 9.793550e-04 7.044457e-04 4.982629e-04      .;

param Q[*]:= 1 0 2 100 3 100 4 100 5 100 6 100 7 100 8 100 9 100 10 100 11 100 12 100 13 100;
param epr[*]:= 1 5e-08 2 5e-08 3 5e-08 4 5e-08 5 5e-08 6 5e-08 7 5e-08 8 5e-08 9 5e-08 10 5e-08 11 5e-08 12 5e-08 13 5e-08;
param ept[*]:= 1 5e-08 2 5e-08 3 5e-08 4 5e-08 5 5e-08 6 5e-08 7 5e-08 8 5e-08 9 5e-08 10 5e-08 11 5e-08 12 5e-08 13 5e-08;
