param et[*,*]:
         1            2            3            4            5            6            7            8            9            10           11           12           13           14           15           16           17           18           19           20           21           22           23           24           25:=
  1      .       1.037981e+02 1.066873e+02 9.859689e+02 5.559677e+02 1.054436e+03 3.839935e+03 2.631353e+03 2.729378e+03 3.631170e+03 1.152045e+04 7.467088e+03 7.130668e+03 7.370469e+03 1.175448e+04 1.829328e+04 1.575475e+04 1.482056e+04 1.957817e+04 2.858432e+04 2.923126e+04 2.945842e+04 4.705321e+04 5.059248e+04 7.599350e+04
  2 1.037981e+02      .       1.563138e+02 7.309812e+01 9.726406e+01 7.310322e+02 8.274535e+02 6.019444e+02 1.117889e+03 2.548747e+03 4.040961e+03 2.417362e+03 2.899502e+03 3.941096e+03 8.870120e+03 7.704464e+03 7.141537e+03 7.888582e+03 1.277411e+04 1.423528e+04 1.596209e+04 1.811621e+04 2.705734e+04 3.139023e+04 4.840559e+04
  3 1.066873e+02 1.563138e+02      .       7.289943e+02 8.569340e+01 8.274295e+01 2.679667e+03 1.039793e+03 6.162551e+02 7.460283e+02 8.243874e+03 4.104313e+03 2.816290e+03 2.389689e+03 4.086782e+03 1.185339e+04 8.235948e+03 6.451371e+03 8.348396e+03 1.742330e+04 1.599495e+04 1.466883e+04 2.871384e+04 2.924543e+04 4.791155e+04
  4 9.859689e+02 7.309812e+01 7.289943e+02      .       1.115745e+02 1.089778e+03 7.324192e+01 1.080022e+02 6.970230e+02 2.575010e+03 1.061724e+03 5.756496e+02 1.194162e+03 2.513056e+03 7.825511e+03 2.751305e+03 2.992384e+03 4.379723e+03 9.060918e+03 6.560249e+03 8.509207e+03 1.146336e+04 1.508517e+04 1.940070e+04 3.046432e+04
  5 5.559677e+02 9.726406e+01 8.569340e+01 1.115745e+02      .       8.310815e+01 5.929539e+02 9.919241e+01 1.025558e+02 4.985483e+02 2.779716e+03 1.006880e+03 7.114863e+02 9.009429e+02 2.942913e+03 4.450410e+03 2.956887e+03 2.673997e+03 4.742158e+03 7.623566e+03 7.492569e+03 7.849051e+03 1.490788e+04 1.641777e+04 2.837285e+04
  6 1.054436e+03 7.310322e+02 8.274295e+01 1.089778e+03 8.310815e+01      .       2.493978e+03 5.662736e+02 8.387568e+01 5.227605e+01 6.522134e+03 2.508723e+03 9.916346e+02 5.208569e+02 1.026316e+03 7.925712e+03 4.114811e+03 2.355881e+03 2.881796e+03 1.034883e+04 8.104121e+03 6.418907e+03 1.664776e+04 1.569900e+04 2.867835e+04
  7 3.839935e+03 8.274535e+02 2.679667e+03 7.324192e+01 5.929539e+02 2.493978e+03      .       8.668067e+01 9.704493e+02 3.776189e+03 1.184953e+02 8.152466e+01 6.729456e+02 2.293754e+03 8.486874e+03 6.634270e+02 1.158798e+03 2.809648e+03 7.464356e+03 2.586377e+03 4.421830e+03 7.749329e+03 7.889251e+03 1.190242e+04 1.855826e+04
  8 2.631353e+03 6.019444e+02 1.039793e+03 1.080022e+02 9.919241e+01 5.662736e+02 8.668067e+01      .       8.493977e+01 8.864235e+02 5.892941e+02 7.994537e+01 1.033828e+02 4.717987e+02 2.922663e+03 1.055654e+03 6.634437e+02 9.844757e+02 2.948923e+03 2.425102e+03 2.816721e+03 3.929683e+03 6.424915e+03 8.178558e+03 1.494943e+04
  9 2.729378e+03 1.117889e+03 6.162551e+02 6.970230e+02 1.025558e+02 8.387568e+01 9.704493e+02 8.493977e+01      .       7.348699e+01 2.490596e+03 5.839204e+02 9.163848e+01 6.066166e+01 6.876620e+02 2.758170e+03 1.019547e+03 5.301057e+02 1.141819e+03 3.734798e+03 2.814680e+03 2.482620e+03 7.139797e+03 7.130069e+03 1.460123e+04
 10 3.631170e+03 2.548747e+03 7.460283e+02 2.575010e+03 4.985483e+02 5.227605e+01 3.776189e+03 8.864235e+02 7.348699e+01      .       7.264034e+03 2.589969e+03 6.133769e+02 1.119931e+02 1.462889e+02 7.152396e+03 2.792585e+03 9.754504e+02 8.635234e+02 7.631227e+03 4.772979e+03 2.885726e+03 1.099066e+04 9.092599e+03 1.861857e+04
 11 1.152045e+04 4.040961e+03 8.243874e+03 1.061724e+03 2.779716e+03 6.522134e+03 1.184953e+02 5.892941e+02 2.490596e+03 7.264034e+03      .       6.462853e+01 9.156794e+02 3.356282e+03 1.147276e+04 5.381208e+01 5.356340e+02 2.515628e+03 7.630381e+03 7.500575e+02 2.306968e+03 5.923828e+03 3.579387e+03 7.105900e+03 1.026926e+04
 12 7.467088e+03 2.417362e+03 4.104313e+03 5.756496e+02 1.006880e+03 2.508723e+03 8.152466e+01 7.994537e+01 5.839204e+02 2.589969e+03 6.462853e+01      .       1.047242e+02 8.655932e+02 4.690961e+03 1.084334e+02 1.269491e+02 7.109522e+02 3.051956e+03 5.840718e+02 1.149440e+03 2.707539e+03 2.700814e+03 4.538680e+03 8.171451e+03
 13 7.130668e+03 2.899502e+03 2.816290e+03 1.194162e+03 7.114863e+02 9.916346e+02 6.729456e+02 1.033828e+02 9.163848e+01 6.133769e+02 9.156794e+02 1.047242e+02      .       5.614953e+01 1.119839e+03 6.627436e+02 8.869458e+01 7.325982e+01 6.472219e+02 8.440907e+02 6.166874e+02 8.530338e+02 2.281393e+03 2.666602e+03 6.320794e+03
 14 7.370469e+03 3.941096e+03 2.389689e+03 2.513056e+03 9.009429e+02 5.208569e+02 2.293754e+03 4.717987e+02 6.066166e+01 1.119931e+02 3.356282e+03 8.655932e+02 5.614953e+01      .       1.631561e+02 2.554632e+03 5.348920e+02 6.672551e+01 1.589315e+02 2.305110e+03 1.103276e+03 6.221630e+02 3.663678e+03 3.005022e+03 7.648683e+03
 15 1.175448e+04 8.870120e+03 4.086782e+03 7.825511e+03 2.942913e+03 1.026316e+03 8.486874e+03 2.922663e+03 6.876620e+02 1.462889e+02 1.147276e+04 4.690961e+03 1.119839e+03 1.631561e+02      .       8.998909e+03 2.951939e+03 6.033375e+02 1.256051e+02 7.075403e+03 3.201232e+03 1.075376e+03 7.658543e+03 4.820079e+03 1.132359e+04
 16 1.829328e+04 7.704464e+03 1.185339e+04 2.751305e+03 4.450410e+03 7.925712e+03 6.634270e+02 1.055654e+03 2.758170e+03 7.152396e+03 5.381208e+01 1.084334e+02 6.627436e+02 2.554632e+03 8.998909e+03      .       1.159569e+02 1.235555e+03 4.616803e+03 8.286848e+01 6.505337e+02 2.733887e+03 1.032379e+03 2.806265e+03 4.267778e+03
 17 1.575475e+04 7.141537e+03 8.235948e+03 2.992384e+03 2.956887e+03 4.114811e+03 1.158798e+03 6.634437e+02 1.019547e+03 2.792585e+03 5.356340e+02 1.269491e+02 8.869458e+01 5.348920e+02 2.951939e+03 1.159569e+02      .       1.043995e+02 1.028085e+03 6.251218e+01 8.033000e+01 5.119932e+02 4.828157e+02 9.528313e+02 2.415269e+03
 18 1.482056e+04 7.888582e+03 6.451371e+03 4.379723e+03 2.673997e+03 2.355881e+03 2.809648e+03 9.844757e+02 5.301057e+02 9.754504e+02 2.515628e+03 7.109522e+02 7.325982e+01 6.672551e+01 6.033375e+02 1.235555e+03 1.043995e+02      .       8.225020e+01 6.480028e+02 1.418254e+02 7.983811e+01 9.717888e+02 7.507951e+02 2.725504e+03
 19 1.957817e+04 1.277411e+04 8.348396e+03 9.060918e+03 4.742158e+03 2.881796e+03 7.464356e+03 2.948923e+03 1.141819e+03 8.635234e+02 7.630381e+03 3.051956e+03 6.472219e+02 1.589315e+02 1.256051e+02 4.616803e+03 1.028085e+03 8.225020e+01      .       2.581809e+03 6.810360e+02 7.126088e+01 2.262982e+03 1.053477e+03 3.651493e+03
 20 2.858432e+04 1.423528e+04 1.742330e+04 6.560249e+03 7.623566e+03 1.034883e+04 2.586377e+03 2.425102e+03 3.734798e+03 7.631227e+03 7.500575e+02 5.840718e+02 8.440907e+02 2.305110e+03 7.075403e+03 8.286848e+01 6.251218e+01 6.480028e+02 2.581809e+03      .       7.293688e+01 9.314621e+02 1.004531e+02 6.146113e+02 1.087730e+03
 21 2.923126e+04 1.596209e+04 1.599495e+04 8.509207e+03 7.492569e+03 8.104121e+03 4.421830e+03 2.816721e+03 2.814680e+03 4.772979e+03 2.306968e+03 1.149440e+03 6.166874e+02 1.103276e+03 3.201232e+03 6.505337e+02 8.033000e+01 1.418254e+02 6.810360e+02 7.293688e+01      .       9.614214e+01 4.829490e+01 8.845198e+01 5.089255e+02
 22 2.945842e+04 1.811621e+04 1.466883e+04 1.146336e+04 7.849051e+03 6.418907e+03 7.749329e+03 3.929683e+03 2.482620e+03 2.885726e+03 5.923828e+03 2.707539e+03 8.530338e+02 6.221630e+02 1.075376e+03 2.733887e+03 5.119932e+02 7.983811e+01 7.126088e+01 9.314621e+02 9.614214e+01      .       4.891458e+02 1.211852e+02 9.360676e+02
 23 4.705321e+04 2.705734e+04 2.871384e+04 1.508517e+04 1.490788e+04 1.664776e+04 7.889251e+03 6.424915e+03 7.139797e+03 1.099066e+04 3.579387e+03 2.700814e+03 2.281393e+03 3.663678e+03 7.658543e+03 1.032379e+03 4.828157e+02 9.717888e+02 2.262982e+03 1.004531e+02 4.829490e+01 4.891458e+02      .       5.585434e+01 9.251819e+01
 24 5.059248e+04 3.139023e+04 2.924543e+04 1.940070e+04 1.641777e+04 1.569900e+04 1.190242e+04 8.178558e+03 7.130069e+03 9.092599e+03 7.105900e+03 4.538680e+03 2.666602e+03 3.005022e+03 4.820079e+03 2.806265e+03 9.528313e+02 7.507951e+02 1.053477e+03 6.146113e+02 8.845198e+01 1.211852e+02 5.585434e+01      .       5.397494e+01
 25 7.599350e+04 4.840559e+04 4.791155e+04 3.046432e+04 2.837285e+04 2.867835e+04 1.855826e+04 1.494943e+04 1.460123e+04 1.861857e+04 1.026926e+04 8.171451e+03 6.320794e+03 7.648683e+03 1.132359e+04 4.267778e+03 2.415269e+03 2.725504e+03 3.651493e+03 1.087730e+03 5.089255e+02 9.360676e+02 9.251819e+01 5.397494e+01      .;
